[1,  2000] loss: 1.948
[1,  4000] loss: 1.710
[1,  6000] loss: 1.621
[1,  8000] loss: 1.557
[1, 10000] loss: 1.485
[1, 12000] loss: 1.450
[2,  2000] loss: 1.382
[2,  4000] loss: 1.335
[2,  6000] loss: 1.318
[2,  8000] loss: 1.297
[2, 10000] loss: 1.285
[2, 12000] loss: 1.268
[3,  2000] loss: 1.184
[3,  4000] loss: 1.171
[3,  6000] loss: 1.184
[3,  8000] loss: 1.185
[3, 10000] loss: 1.165
[3, 12000] loss: 1.153
[4,  2000] loss: 1.067
[4,  4000] loss: 1.073
[4,  6000] loss: 1.080
[4,  8000] loss: 1.103
[4, 10000] loss: 1.059
[4, 12000] loss: 1.069
[5,  2000] loss: 0.969
[5,  4000] loss: 1.002
[5,  6000] loss: 1.010
[5,  8000] loss: 1.011
[5, 10000] loss: 1.022
[5, 12000] loss: 0.990
[6,  2000] loss: 0.933
[6,  4000] loss: 0.946
[6,  6000] loss: 0.942
[6,  8000] loss: 0.954
[6, 10000] loss: 0.964
[6, 12000] loss: 0.936
[7,  2000] loss: 0.868
[7,  4000] loss: 0.876
[7,  6000] loss: 0.892
[7,  8000] loss: 0.902
[7, 10000] loss: 0.936
[7, 12000] loss: 0.929
[8,  2000] loss: 0.808
[8,  4000] loss: 0.846
[8,  6000] loss: 0.873
[8,  8000] loss: 0.880
[8, 10000] loss: 0.888
[8, 12000] loss: 0.870
[9,  2000] loss: 0.778
[9,  4000] loss: 0.845
[9,  6000] loss: 0.808
[9,  8000] loss: 0.815
[9, 10000] loss: 0.846
[9, 12000] loss: 0.864
[10,  2000] loss: 0.731
[10,  4000] loss: 0.769
[10,  6000] loss: 0.787
[10,  8000] loss: 0.818
[10, 10000] loss: 0.819
[10, 12000] loss: 0.837
